MAIN
M138.8 365.8 139.6 363.5 137.6 359.8 137.6 345.1 138.7 338.8 145.0 328.5 143.3 327.3 145.4 316.9 143.2 316.9 142.5 314.4 143.5 314.0 145.6 308.6 144.5 307.2 151.4 303.6 153.3 301.0 152.5 299.9 154.1 298.7 157.0 299.6 160.4 295.6 162.2 294.2 163.3 294.6 165.5 292.8 171.4 280.4 168.7 279.4 171.8 274.2 173.5 269.5 177.1 269.1 177.2 266.7 181.3 258.9 186.0 256.5 186.4 255.1 182.5 255.2 182.5 251.4 186.1 249.5 191.6 249.8 193.6 242.2 190.0 242.2 189.0 245.9 185.6 245.3 187.4 241.3 194.1 234.5 197.9 234.4 198.4 232.6 202.9 226.5 203.4 224.8 199.6 223.4 207.6 207.0 210.9 202.6 213.5 204.2 214.9 202.2 216.7 194.3 223.5 182.9 228.4 176.4 237.0 167.5 240.8 159.5 245.4 146.6 248.2 142.0 254.5 140.8 254.9 135.5 258.4 131.1 267.5 129.4 268.5 127.1 273.2 123.0 274.5 118.2 280.9 110.7 279.6 108.8 279.6 104.9 281.7 98.9 287.3 91.7 287.4 89.6 289.6 87.1 293.4 78.5 296.2 73.9 297.2 73.8 300.3 69.9 302.2 66.7 301.8 64.0 309.2 53.1 315.6 50.6 317.1 48.7 322.5 46.0 332.5 43.7 339.9 39.0 349.0 36.3 353.3 37.2 357.3 35.4 362.6 35.7 372.7 31.4 377.7 26.8 376.5 25.6 377.0 22.7 382.7 16.3 384.2 10.7 389.0 9.0 390.2 6.2 396.5 2.6 399.3 2.6 401.7 0.7 405.5 1.3 407.0 0.1 409.0 0.0 416.3 4.2 419.2 7.9 419.4 12.1 421.1 13.9 422.6 13.9 423.1 16.9 426.4 19.7 430.6 18.6 430.9 19.6 429.2 22.4 430.4 24.3 433.5 25.3 433.2 27.4 436.6 27.4 440.9 29.2 443.8 27.7 451.3 33.4 454.7 33.8 454.4 36.1 455.5 36.4 458.6 34.9 463.6 36.2 470.7 36.3 472.9 37.3 473.9 39.7 472.1 43.8 475.4 48.2 474.8 51.9 475.6 54.6 478.1 57.0 484.4 56.1 489.7 59.2 489.3 60.7 487.7 61.0 485.4 63.0 474.6 67.7 473.3 70.5 468.4 73.6 466.8 75.5 466.7 78.3 457.4 88.2 455.3 96.5 454.3 103.0 454.3 111.2 455.5 116.2 457.6 120.2 458.9 133.4 463.3 142.6 461.9 142.9 463.1 147.0 464.3 146.9 463.8 149.8 464.6 157.1 463.9 158.4 458.6 160.1 458.2 164.6 459.5 164.9 460.4 167.6 454.5 172.2 454.8 173.2 450.9 177.8 449.4 181.4 448.3 190.3 445.2 198.5 445.7 202.4 444.9 204.8 442.6 207.1 440.7 210.2 440.2 213.2 437.2 216.6 435.2 217.1 432.9 220.7 427.1 224.3 425.0 227.0 424.1 230.3 425.5 236.6 424.9 239.5 423.0 242.4 419.2 245.1 416.3 249.8 415.9 252.6 416.9 257.4 421.9 265.4 421.0 267.3 419.7 266.8 419.5 269.5 416.7 271.6 414.1 276.4 415.1 280.7 412.6 295.9 407.9 307.7 407.9 316.5 403.3 326.3 404.2 329.2 402.0 338.6 401.1 339.1 399.8 343.9 399.1 354.1 396.3 359.0 394.7 366.6 395.4 371.8 396.7 373.6 394.6 377.0 393.3 383.5 390.0 391.5 387.1 408.3 384.4 409.0 382.5 411.4 380.5 415.6 377.9 425.2 379.0 426.3 377.2 429.0 374.8 430.2 374.8 434.6 376.7 438.8 375.1 442.6 375.5 446.1 377.4 447.8 375.4 449.5 374.6 448.9 372.7 451.7 368.9 453.2 365.5 458.9 363.3 468.9 361.6 469.9 359.6 476.6 356.4 481.2 354.0 482.7 350.3 491.3 346.5 497.4 345.2 497.7 343.9 500.7 342.6 500.1 338.9 500.9 335.6 504.0 335.2 508.1 336.1 508.9 337.7 515.0 334.4 516.7 332.5 523.3 329.4 524.9 324.0 530.6 314.5 535.6 310.4 539.4 306.4 541.5 304.0 545.1 302.2 551.3 301.6 557.5 297.0 561.7 295.1 565.9 289.7 584.7 283.8 599.5 282.6 604.8 280.0 609.9 279.5 621.8 280.9 630.6 279.8 633.9 280.3 636.9 279.2 638.4 279.8 642.3 279.3 648.3 280.4 649.2 278.3 651.4 279.7 656.5 281.0 657.0 280.7 659.4 279.4 661.0 279.8 668.9 281.1 671.7 278.7 673.3 278.6 675.2 276.6 676.4 276.2 678.8 270.8 681.2 269.9 689.2 273.7 695.8 274.7 699.1 273.6 700.0 271.3 699.1 271.0 696.7 268.6 695.5 266.3 692.2 264.5 692.4 261.8 690.7 258.8 690.2 255.8 687.2 253.5 687.7 251.5 690.2 252.1 692.3 250.7 695.2 248.4 695.5 245.4 692.3 246.3 684.4 244.5 679.6 243.1 679.1 240.9 674.5 240.9 672.0 242.4 670.1 242.8 667.4 244.6 666.0 243.5 661.0 246.4 659.6 245.1 653.3 242.9 649.1 243.4 648.1 242.0 642.1 240.2 637.9 240.7 636.2 237.7 630.2 234.0 626.7 234.3 623.6 232.5 616.5 225.5 608.6 223.0 603.7 220.2 601.1 196.5 586.5 194.0 583.3 194.9 582.6 191.2 580.6 189.2 580.9 186.7 579.9 179.2 574.3 170.6 566.1 171.0 565.3 160.7 552.4 160.9 550.3 158.7 545.9 159.0 541.8 163.0 538.0 161.9 532.9 160.6 534.7 151.3 512.5 144.3 491.1 143.7 483.8 140.8 477.4 132.2 469.2 121.4 463.1 120.6 461.0 117.2 457.8 117.9 452.1 122.9 443.4 124.3 435.0 126.8 429.7 126.7 424.6 127.7 424.0 129.7 412.3 130.6 412.0 133.1 406.5 134.4 400.0 137.5 395.9 138.5 396.3 139.0 393.8 141.0 394.1 142.1 392.1 141.4 389.4 140.3 389.8 139.2 387.5 139.8 385.3 138.9 382.9 140.4 380.8 138.5 378.4 138.4 376.2 140.6 373.3 140.5 371.9 134.8 372.4 133.8 371.0 133.7 366.9 135.3 365.9 138.1 366.5 138.8 365.8Z

OTHERS
M32.2 336.8 30.4 336.6 29.1 338.6 27.2 337.7 24.7 341.1 24.5 342.5 20.2 344.0 21.0 345.2 21.3 349.1 19.3 351.0 19.8 356.9 16.6 356.0 15.0 357.2 10.9 357.0 13.8 354.5 15.4 355.7 17.6 353.8 17.6 351.7 15.4 349.9 17.4 348.7 18.6 346.7 17.0 345.7 17.4 343.1 19.2 339.7 22.8 341.5 24.6 341.2 27.2 337.6 27.4 335.4 30.2 334.8 32.5 333.5 34.4 334.7 35.4 334.1 37.4 336.5 38.1 339.2 36.0 339.6 36.3 343.6 38.3 345.3 38.1 348.9 42.0 350.4 44.6 349.3 46.1 349.6 47.3 351.5 51.0 352.5 51.5 356.5 53.5 358.7 50.6 359.5 49.9 357.5 44.6 357.6 37.0 364.0 37.0 368.4 35.3 367.4 30.5 368.3 30.9 366.0 36.4 361.8 35.7 359.8 34.3 359.1 30.7 360.5 32.0 357.0 29.7 354.6 28.7 352.5 31.0 352.6 33.1 354.9 35.3 355.8 35.5 353.0 37.1 352.5 36.4 349.4 36.8 347.6 35.3 346.2 35.7 344.9 33.8 344.3 35.0 342.3 32.5 338.6 32.2 336.8Z
M395.9 664.5 394.1 662.3 395.2 661.0 396.5 662.1 407.0 661.2 407.1 664.8 408.1 666.2 406.2 668.2 407.3 670.5 413.1 674.5 411.7 678.2 407.4 678.1 407.2 677.0 404.2 673.6 400.5 673.2 395.5 666.9 395.9 664.5Z
M122.5 372.2 120.1 374.6 116.9 374.3 115.6 376.0 115.9 378.2 112.1 378.2 110.7 377.1 114.3 373.3 126.6 365.1 128.4 365.9 128.9 367.9 126.7 367.6 124.4 369.3 122.5 372.2Z
M394.2 545.7 395.2 548.4 393.2 548.4 392.6 547.1 388.9 545.6 389.3 543.0 387.4 540.8 387.4 539.1 393.0 539.6 395.9 539.0 396.1 541.9 394.2 545.7Z
M178.9 612.5 177.8 611.9 180.5 606.4 183.1 605.6 184.6 606.7 184.3 608.3 178.9 612.5Z
M1.9 431.0 0.0 429.0 5.6 427.4 6.4 428.8 6.2 431.7 4.8 431.4 2.3 433.3 1.9 431.0Z
M15.5 394.5 16.6 392.3 18.5 392.5 17.9 399.8 14.4 399.7 16.0 397.8 15.5 394.5Z

VIEWBOX 0 0 495.7 706
X0 109.42288098355175
Y0 -25.298206312482748
SCALE 205.79215242797272
K 0.9163627295622396
